{"eigenVectors":[[0.04593442467377975,0.23357955410618933,-0.0600787403505827,0.06621067406131864,0.06652746369000549,0.05329040485693126,-0.17206161018169833,0.17396827423438035,0.03861314959453883,-0.2509465870685174,-0.2938453256521917,0.13033216599234576,-0.1043588065400167,0.08503806287146731,0.1378045641383067,-0.23951728030107589,0.361933928493091,-0.08436328113456475,-0.20681325054636168,0.06294358752687675,0.13262003959728644,-0.44761975742496046,0.07610264648709536,0.3147886210457868,-0.10570549415801203,0.18738679685312387,0.057365774409944004,-0.1900467733411551,-0.0471471584602543,-0.101601806732424],[0.2122759976913938,-0.06997882603494386,-0.2939633548482997,-0.12873862744749642,0.1772303094941017,-0.06889069867199135,-0.16722289479027994,0.13649962204945587,0.28888413883133685,-0.0701593355699573,-0.04112458648317291,-0.07598084496363275,0.10709429473658671,-0.1052023101424832,0.08858654413397082,0.14028489033867803,0.03720508207076362,0.11396887546119716,-0.1517794907843956,0.05899965150005425,-0.1619838146447377,0.11819350604866466,0.31390197557049,-0.2303103422041045,-0.1907367832268482,0.07787456039853709,0.19187075881334312,-0.15856964835065765,0.48618298082753725,0.21199609202677236],[0.03464730264837832,0.007394196339334065,0.06211698387609023,0.03489097489237564,0.004969485601978182,-0.10668620881990473,0.1373267453370096,-0.1098053667880329,0.005209000480671844,-0.2617183499315921,0.20158661726962507,0.16959497068598114,0.018004129501506597,0.13560243254330137,0.5757921792171955,-0.24012434935928537,-0.1461443822473405,0.18506307053980747,-0.35185666607079835,0.06220783180940275,-0.01346156981393494,0.3324834407031642,0.08236996137400812,-0.09028082501112263,0.07040586105238278,0.005164385003912237,-0.06510433199820755,-0.1713958114662323,-0.2401045413593428,-0.018012730240559063],[0.30851223699469,-0.2727220595874972,-0.06525989765142605,0.22453364305274004,0.034751753830067754,0.10719684832047238,0.05827388693495583,-0.31927222093759244,-0.18177438056093093,0.270780924947507,0.08564270351234654,0.09383306490884258,-0.03495319180719398,-0.24989263881668491,-0.026201713050676843,-0.1987723999887381,0.2336878095747429,-0.2288318294379015,-0.14286571067617954,-0.12361450433153721,-0.14880210662322585,0.11446927015436009,0.3627585550606875,0.19881248123843917,0.060808289968749485,0.2174002924946187,-0.049073567741931196,0.16237437961557283,0.014422123105178517,-0.0489675500786148],[0.08212034904510719,-0.004258938475446558,-0.014377063911909562,0.13773377335035286,-0.04165930063579395,0.11589216454168144,0.11069041201046546,0.04965777469211401,0.14447212009044513,-0.01843041319948923,-0.13378231911106245,0.49650894339811713,-0.2566895474681206,0.08901232060576023,0.007949987050550113,0.21485712147098715,-0.10990755615045388,-0.3438030896382375,0.1576879419179245,0.03049651853914542,-0.09175056986872479,0.3003594015138031,-0.08776479393302974,0.2739674932933171,-0.24368859514956853,-0.2015008380693683,0.10359892979290589,-0.18070606636040593,-0.013127214906487985,0.23976830873051072],[0.14523117993196663,-0.051506027534593095,-0.20713392042336945,-0.12277646269343696,-0.4623089335967471,-0.06102946323444417,0.250805077960729,-0.10456014393717308,-0.08283179800645946,0.028846982673883307,-0.12074080344800389,-0.30628355927658124,-0.017813230634587927,-0.12166894940337188,-0.0838902409012704,0.05557976273373581,0.05361761994407637,-0.06404721519230132,-0.2791113471923626,0.09696717420166291,-0.10140632920234387,0.00027506705682574755,-0.2142549603174048,0.07815638766677312,0.1266046467998301,-0.08942570794617927,0.44033374619643184,-0.3066645988624792,-0.12967815750285702,-0.017294831876010955],[0.10402393877795015,0.22170977607795023,0.3653657351547717,-0.024762842776389283,0.14267060007541807,0.04375069722497551,0.13563966201579816,0.2303585051973786,-0.1929488706804558,0.15586491378034747,-0.16725941018738397,-0.03790313025442741,0.11285085424031367,0.004194749625126342,0.16763134260227264,0.3610912083896526,0.12156308189679799,-0.1326776039157392,-0.13211599611545063,-0.20558506935993,-0.44414110722595973,-0.0011171973161063981,-0.0864355810420081,-0.1096248273590525,0.16501508195448478,0.13981942987331147,-0.1948657793708202,-0.2167911898760824,0.043432102680172495,-0.08672830756881092],[0.04148970747394417,-0.14139341107185444,0.03184214884910405,-0.18020574551658405,0.08550552929586465,-0.30300923400932456,-0.3369282927691997,-0.22939914060551725,0.11237549772395676,0.29187954927995124,-0.09405626711174504,0.19704696532305138,-0.03215188418272064,-0.004503194114868969,0.08500309741111885,-0.24054023200100474,-0.18714823570593123,-0.2751035958513723,0.0493589336165396,0.14927012252604802,-0.027052430607854384,-0.07478563817358208,-0.39520711021796234,-0.16471743079720932,0.12127367532569419,0.26345949538239405,-0.007273350040819423,-0.20441124475461872,0.10374958519110093,-0.07812996674997164],[-0.03374191639200462,0.13095275877656415,0.11245256611124786,-0.19356145495915633,0.19058161236895907,-0.1985104828807122,0.19600423782005344,0.11115100587408425,0.0009402760963828775,-0.05160898731197431,0.0714724249238825,-0.09170413983440023,-0.5562899141900038,-0.47060590109615197,-0.0778488474021419,-0.22876980944452424,0.15870594161778181,0.16797266497589589,-0.03896634306260775,0.07391423418773217,-0.1077119924302598,0.14789501213655604,-0.21056262640186219,0.08118940778607067,-0.11796496999903816,-0.03804489706844345,-0.14213353904374593,0.05701283320054535,0.11540979694477223,0.05169416113760586],[-0.1784172130252196,-0.2665729314977863,0.11256143341763589,-0.5442966617575293,-0.05073721160228525,0.25515540465694037,-0.09374493361305014,-0.1033052894842676,-0.02124071974258767,0.03436010995260924,-0.03460975565432506,0.13581967435666642,0.002732991937266378,-0.044668311458349035,0.01689392347619618,0.07041423653764105,0.10061552704226663,0.12023410103651379,-0.09832482033948357,0.035315321202867685,-0.09761009006387192,-0.1808570855875262,0.10193398905662668,0.06772362528349354,0.057839434515770644,0.06030227766430673,-0.1213891576073819,-0.019433609326917307,-0.2569602608250313,0.5400774526414558],[-0.1883947472945554,-0.07410700758317962,-0.0649403427331463,-0.039705394451182235,0.3443813668271924,-0.4516857552743912,0.30429746112744005,-0.05765960373714211,-0.23171468951457524,0.12162120869000102,-0.22968226595596858,0.15779949487673897,-0.05575073004118216,0.3704035819926214,-0.2658045418449025,0.011242278334567082,-0.07652864189483156,0.19491700458457573,-0.09859109182965144,0.01879215123487298,-0.10764754312367994,-0.03819794378870056,0.20280367062965918,0.06867431951388955,-0.01169140916346329,0.08562962894506357,0.2296284004060604,0.03439397958476268,-0.05331368810088446,0.020480097422691017],[-0.37422078198721365,-0.23910455398034555,0.05845362162841102,0.22709024359603436,-0.08392002887492964,-0.22668703462148035,-0.1881375378262675,0.1320494697956764,-0.024606960423141477,0.25547820065747356,0.0859058044250359,-0.1483791739697876,-0.15615600781953834,-0.04953012704047033,0.3754094581390241,-0.06647468955195783,0.11257053876129419,-0.07906460373432278,0.08737444789451003,-0.16693377167161727,-0.2186555201427718,-0.21956216970780684,0.14808351378801746,-0.03469165658241302,-0.14270937242113807,-0.3731465968789659,0.16559705994754767,-0.06761151633116305,-0.045298772128903576,0.04306031451869909],[0.008314700055609268,0.15606905458419804,0.25884372657763843,0.0569153254969414,0.015446447549988383,0.13218817843196867,-0.021392312689173538,-0.44303517085536787,0.09407517148967248,-0.14035715578823385,-0.010766799152494122,0.0022183649993322897,-0.19055164732002033,0.05075481585685635,-0.3450213025846002,-0.14099797543273293,-0.007789459739863449,-0.012946715251369012,-0.016233772962818083,-0.13217515843654015,-0.05625102704185886,-0.12770000775979687,0.25705430082507813,-0.35589177432694363,-0.043866140933031844,-0.25957081107609176,-0.057510431685617855,-0.4225103152715739,0.023919942132136014,-0.0504112888242328],[-0.007286348753069785,0.02708095019008367,0.005327279516663708,0.04337734179777617,0.021551643194283744,0.30789515439278814,0.070902069308274,0.0913629830593576,0.2394235884829795,0.07132843723072695,0.08631023283182371,0.15567005705585396,-0.2784672332336002,0.04070305435693049,-0.002448645835545413,-0.04209607737208166,-0.279030181102048,0.034217658379642135,-0.3413294040330349,-0.3662104967478193,-0.09904381106008887,-0.2293263766805458,-0.16018177103460315,-0.19783608272846886,0.02572217539850591,0.1439369170036173,0.3414374319985128,0.342315869504466,0.0037250024064395455,-0.039966819132871464],[0.07985215972086854,-0.10043426864748149,-0.07753533441357482,-0.08429553219809088,-0.3230412512441924,-0.2352423464400729,-0.018062124964369358,0.11425436082262516,-0.1692027439708772,-0.19221157341274123,0.10583856533545428,0.11425790891408423,-0.4329633911501609,0.06844322852367626,0.015297626290054451,0.3479535301754363,0.008779571072769218,-0.24280878685129217,-0.045384892853868146,0.19668922027322144,0.09632895493665866,-0.14675645773230941,0.25108333924367116,-0.32432058118342405,0.05603027529109914,0.1437738136268696,-0.18338881149951153,0.14941385361347384,-0.02210773173462517,-0.12242218987714666],[-0.272465711379903,-0.00896689946556233,-0.020385838082371377,-0.3330372174059809,0.22637157199282523,0.005307333486412849,0.2895926921403769,0.08635366338627218,0.3299759441995303,-0.07921554616914782,0.0788049147561557,-0.17781765964732008,0.06072266701147306,-0.12030772772388268,0.04677617181278996,-0.03349297163180119,-0.11627766524571323,-0.500407368015809,0.08800618609741082,-0.1038997697542173,0.13846989568457282,0.04755526684415591,0.2889423192731848,0.1134040427505872,0.16532399459023686,0.06354815866170853,0.0693696568820974,-0.08531320062876727,-0.0969797516201689,-0.21019559275641997],[-0.4515498120696682,0.13486412479675763,-0.37906198988520745,0.21666174808562164,-0.036917605603136686,0.04198353040518139,-0.19089164847358445,0.013725810916548432,0.08820128998544913,-0.026072136623341843,0.2579377725694319,0.2036035284590871,-0.056184700060271854,-0.09888114014222447,-0.20716773898235946,0.1320332764248974,0.10625731278956109,0.1329584136456153,-0.06203215935088287,0.00308588974909002,-0.2260948420572554,0.11147683558236857,-0.022193667574981712,0.09923105980954527,0.40799879678095946,0.16000420092173126,-0.08506965621839693,-0.2222594807199652,-0.0005740758334673487,-0.0488610549215859],[0.12174576304229631,0.19734567123357816,-0.09286511766776508,0.36836471425874295,0.09198792077668952,-0.19105722086677634,0.058307454458180995,0.025347278926377743,0.013633533246063227,-0.10990741493836884,0.00003988604309779209,-0.2814152654059856,-0.007451004121421553,-0.09565273821509557,-0.028856637408831574,-0.07879336690833862,-0.3097360241986589,-0.19550486143735643,0.040479057450675225,-0.011786373248373673,-0.0333143303481289,-0.19082287995027528,0.01706016455794375,-0.029959961543738735,0.12583743379219853,0.17023592669984547,-0.12291397570849598,-0.01135238355774759,-0.195491434044229,0.6101526882772994],[0.12981733054322436,-0.2629087954376494,-0.1926315499243299,-0.020782903520236158,-0.16357993618145142,0.06773351970308641,0.28350657149312075,0.09659616561340349,0.05844595092168617,0.09003532533305214,-0.0944207008904613,0.009331139313785848,-0.12290863140323123,0.06520994345762161,0.10147541397820754,-0.0903629487059114,-0.3364124806246606,0.26133181435840686,0.13454838011616532,-0.1793173551665109,0.00003609234437369455,-0.2733087050250702,0.04864589975237289,0.23105044098216404,0.11752906745607368,-0.031759624224309155,-0.39818503068170485,-0.2627109573828752,0.2851741599908633,-0.10582951865647784],[-0.011686450941116746,-0.3023666204015628,0.26704861201972485,0.24915492486047672,0.04533603066197682,0.11704356826860111,-0.1706989169558499,0.23996623211898216,0.3041194427566724,0.19659191237214466,-0.2995768531331025,-0.24763850375280635,-0.19938206616965948,0.053808804654851494,-0.16099183720772095,0.05529108919266373,-0.0714981309227607,0.12532895594341165,-0.22632094254768823,0.27116789019762216,0.14693946792576393,0.24382982044180068,0.10853263304950406,0.022531220994409403,0.11157563628810899,0.07520004492576045,-0.08601793611281337,-0.07489699429317369,-0.20716745121847846,-0.07616545044899302],[-0.09067892547435587,-0.2896699160266571,-0.2769743525464817,0.04042589783621095,0.26180295068080967,0.25414730359247817,-0.04907342066052449,0.06461099726719241,-0.4120062326534481,-0.20313544368554065,-0.2231299597894023,-0.11164110333802879,-0.16790097529994724,-0.03750821902350934,0.07130963733974052,-0.02769941719628926,0.05800679576615222,-0.040290187207799665,0.1608719842810801,-0.2960775874503313,0.20597319202878395,0.19379908617656147,-0.16854648030361036,-0.2838916192848994,-0.02907056639370585,0.1350656913706521,0.06393929532368721,-0.20413404957892878,-0.09280807305662446,0.010773698418761713],[0.24120927881244975,-0.194549419693425,0.158524376412091,-0.03505644124667619,0.16856732218342133,-0.07324173021870584,-0.1336997357032769,0.04925139037950261,-0.0022190483262844937,-0.06779796440321031,0.6127054108961736,-0.1725983947995253,-0.09853130066653473,0.21684823207747048,-0.12949279151905865,0.18510714071912499,0.01599691529599075,0.06358184247330007,0.051492140185309856,-0.1263222028831288,0.01645052493725726,-0.08177299784442912,-0.1090517145262431,0.26477906750266544,-0.2044517372134374,0.2126804642106775,0.12128124739904057,-0.27578872163770524,-0.12078812765666563,-0.04132855171672178],[-0.21012438863289348,-0.02481066394713343,0.10588319160534022,-0.03965219453794683,-0.23670863753401108,-0.15972097705595237,-0.2087715400471662,0.14576416223534058,-0.21726872799114905,-0.1172691102366853,-0.06355358441986682,0.0802786164641541,0.22303714324293816,-0.27189461616029476,-0.23918565752154533,-0.053876742314827336,-0.3597969212084778,-0.08795718566084426,-0.3383142659026407,-0.25752106746098147,0.03422272051918138,0.10823483029019863,0.07221283517446368,0.127102109111264,-0.3893503286009064,0.09729742789210413,-0.13124813356821144,-0.07148290977550949,0.025289567691847575,-0.06776771325545485],[-0.023037103505804103,-0.1818674351828442,0.15680894909700263,0.18123100067249687,-0.024168228747693424,0.09295105822381762,0.3408128052886909,0.32266245017647927,-0.03401739826346191,0.03934816525653773,0.17491222931968653,0.32171430226120806,0.2486153976342932,-0.29353838372732965,-0.10916907501564992,-0.1592716463936476,0.043775503654170274,0.06714442697135072,0.1597069559086706,0.3066302046555533,0.02700080165875319,-0.2019293946348922,0.01647906283087023,-0.2922766364031395,-0.08518621975617213,0.149040449082249,0.16755188566452797,-0.2036437356115833,-0.07236415089458488,-0.0025083692595335673],[-0.1499628592548327,0.2945385732011935,-0.1369841828055151,-0.0888251461135862,-0.13905128326575097,0.30124303360286836,0.006886742838831699,-0.03696705740955247,-0.1216573306640359,0.24454135092575108,0.01967880609675518,-0.22022202683379205,-0.144676766284666,0.17352733261267045,0.09365375522111981,-0.15119251968698935,-0.1898344133292176,0.020797354713385324,0.20395541165864495,0.27641223676870735,-0.28047707397958366,0.08852089464285114,0.15813631871072262,-0.023204085735457698,-0.383537577346223,0.3384961627056645,0.003115538143070738,-0.039594458478338916,-0.08710377668100383,-0.09530187902701177],[0.22374922328157643,0.1494069196665895,0.18776262691608248,-0.17061183216414577,-0.10407410630018793,0.0020606073526980126,-0.2970918652121626,0.2977933201453812,-0.24144804019131233,-0.04142489875681233,-0.005804569583724531,0.09096782176348335,-0.10928739741307507,-0.03085930545666939,-0.044189235867804114,-0.24065927230938075,-0.19962866253461842,0.09200360337459532,0.27472805935205774,-0.07176809190313936,-0.0481443126412975,0.13957277193584836,0.2759680515360662,0.10503152942794405,0.4218345819709023,-0.06541853702310317,0.33536312341970465,-0.02051530647318987,0.026354672059847515,0.025381239474957632],[-0.3093542623358123,-0.04174384348361026,0.31121260885334434,0.11325065283832265,-0.09356692671212005,0.14585804676612818,0.12036494527763986,-0.07786037615924843,-0.21063451542267203,-0.044997995378187744,0.12151338196900276,-0.11680845667456713,-0.0651875310736122,0.19192593667604999,0.06814233132200533,-0.049870893681588556,0.024308187390480875,-0.15004742118552303,-0.14813298118506973,0.1483846375614635,0.22682725684557173,0.05208074810286209,-0.04248156430389144,0.10767363524051914,0.13107495640673575,0.1433855803170387,0.11626553244979908,-0.030421605648389215,0.6127481149129629,0.23876960947701054],[-0.022056357014357014,0.1439433706652156,0.04582543061658063,0.0626616029525476,0.2455872955798034,0.07831640259413483,-0.0753201602195874,-0.2948425503452878,-0.1668295008585289,0.10743439180044373,-0.04146098680522867,0.05225573947164463,-0.0795759379543593,-0.4183760506863238,0.24002548734634244,0.431065050971063,-0.3035395317610947,0.1782225439752457,-0.018174522713288913,0.18542513005464983,0.25164221486561406,-0.19195228230559264,0.10110818059353652,0.14881027237814495,0.009694944850907111,-0.0313603538325775,0.18060971785916843,-0.07994092226915235,-0.017509189657532374,-0.11639526245908423],[0.10503421458530805,0.10812577544583286,-0.25635727549967285,-0.10737807825486269,0.26372039159983746,0.17574489362435305,-0.054750213176027185,0.25039921023168227,-0.2630383699241969,0.30674313531979364,0.2429012554825855,0.016032193128531175,0.00918561701737422,0.11780615920335144,-0.11331537237639802,-0.11746040682700395,-0.09116660123344215,-0.21114046797011873,-0.3597789638069282,0.21116255090140115,0.12538902342313782,-0.0612835234564929,-0.021070949960970288,-0.054262413171005934,0.028119761998448022,-0.43296602264626427,-0.16143789190522295,-0.07711121868159532,-0.002015888590211018,0.026562207654730087],[0.016189235370283307,0.30299128057907954,-0.027665373446347077,-0.050598893707852595,-0.19485433553713025,-0.14626853174003704,0.08592710213855351,0.060423720929821505,0.09739449058320036,0.48771124180916364,0.04845656530040192,0.09342554903307979,-0.05561919287796502,0.013463664853552146,0.04844673748244931,0.03942423064052024,0.2100204756718145,0.12045368108359523,0.010496147586101874,-0.3319586012511629,0.5150753625296539,0.13749984009220134,0.09810251524510111,-0.11730306212655159,-0.049526405429455536,0.15890542102292338,-0.010314605459708416,-0.1706432138195178,-0.05993457796634946,0.1776856227848927]],"eigenValues":[0.38746937021969396,0.3391611836562184,0.26642294177947023,0.24365823531288788,0.22533777817275422,0.20422378942022643,0.19952436557705677,0.1607677698647365,0.1582644069680757,0.14210977590059137,0.12096329771842218,0.11300106038969356,0.108354056965791,0.10387585209984629,0.10031933689251936,0.08708826661325188,0.08404326364528578,0.08057356066489146,0.07727007898364659,0.0710649735426743,0.06973900045510442,0.06364472799628033,0.059100677414226546,0.056881634444847264,0.055154501022287215,0.05029503046518938,0.04714505244189066,0.03904140396043215,0.034011102383764494,0.030859709710906735]}